((("fft_tsh" .
   [1 0 0 0 0 0 0])
  ("fftct2" .
   [2 0 0 0 0 0])
  ("xlsi" .
   [2 0 0 0])
  ("xlsr" .
   [2 0 0 0])
  ("theta" .
   [4 0 0 0 0])
  ("wli" .
   [10 0 0])
  ("wlr" .
   [7 0 0])
  ("sn" .
   [1 0])
  ("sin" .
   [3 0 0])
  ("sgn" .
   [4 0 0])
  ("fftct" .
   [13 0 0 0 0])
  ("sig2" .
   [15 0 0 0])
  ("sig1" .
   [19 0 0 0])
  ("sig" .
   [5 0 0])
  ("fft" .
   [5 0 0])
  ("imag" .
   [10 0 1 0])
  ("real" .
   [10 0 0 1])
  ("AQjk" .
   [4 0 0 0])
  ("diag" .
   [1 0 0 0])
  ("vec1" .
   [2 0 0 0])
  ("matrix3" .
   [2 0 0 0 0 0 0])
  ("matmult" .
   [2 0 0 0 0 0 0])
  ("col2" .
   [3 0 0 0])
  ("row2" .
   [2 0 0 0])
  ("t" .
   [6])
  ("temp2" .
   [7 0 0 0 0])
  ("operator" .
   [2 0 0 0 0 0 0 0])
  ("matrix2" .
   [1 0 0 0 0 0 0])
  ("r" .
   [4])
  ("autocovar" .
   [1 0 0 0 0 0 0 0 0])
  ("x" .
   [1])
  ("autocorr" .
   [2 0 0 0 0 0 0 0])
  ("xcorr" .
   [3 0 0 0 0])
  ("10" .
   [2 0])
  ("if" .
   [4 0])
  ("lag" .
   [8 0 0])
  ("typename" .
   [2 0 0 0 0 0 0 0])
  ("oup" .
   [7 0 0])
  ("xcovar" .
   [5 0 0 0 0 0])
  ("m" .
   [3])
  ("temp" .
   [10 0 0 0])
  ("mean" .
   [5 0 0 0])
  ("inp" .
   [7 0 0])
  ("disp" .
   [5 0 0 0])
  ("clear" .
   [1 0 0 0 0])
  ("c" .
   [7])
  ("endl" .
   [16 0 0 0])
  ("cout" .
   [24 0 0 0])
  ("zeros" .
   [1 0 0 0 0])
  ("begin" .
   [1 0 0 0 0])
  ("insert" .
   [1 0 0 0 0 0])
  ("void" .
   [16 0 0 0])
  ("mdata" .
   [15 0 0 0 0])
  ("col" .
   [3 0 0])
  ("row" .
   [3 0 0])
  ("zero" .
   [1 0 0 0])
  ("matrix" .
   [9 0 0 0 0 0])
  ("double" .
   [43 0 0 0 1 0])
  ("return" .
   [6 0 0 0 0 0])
  ("include" .
   [6 0 0 0 0 0 0])
  ("SetVal" .
   [3 0 0 0 0 0])
  ("GetValFloat" .
   [1 0 0 0 0 0 0 0 0 0 0])
  ("GetValInt" .
   [1 0 0 0 0 0 0 0 0])
  ("Value" .
   [1 0 0 0 0])
  ("PutValFloat" .
   [3 0 0 0 0 0 0 0 0 0 0])
  ("Val" .
   [1 0 0])
  ("PutValInt" .
   [1 0 0 0 0 0 0 0 0])
  ("Printf" .
   [2 2 3 0 0 1])
  ("solarized-light" .
   [1 0 0 0 0 0 0 0 0 0 0 0 0 0 0])
  ("Print" .
   [0 4 0 1 0])
  ("Body" .
   [0 1 0 0])
  ("save" .
   [0 1 0 0])
  ("Title" .
   [0 1 0 0 0])
  ("Len" .
   [1 1 0])
  ("radius" .
   [2 0 0 0 0 0])
  ("Pi" .
   [1 0])
  ("ValueOf" .
   [0 1 2 0 0 3 0])
  ("Type" .
   [3 0 0 0])
  ("String" .
   [0 1 0 0 0 0])
  ("Println" .
   [0 6 3 0 0 0 0])
  ("Index" .
   [1 1 0 0 0])
  ("Int" .
   [1 0 0])
  ("TypeOf" .
   [0 2 0 0 0 0])
  ("price" .
   [1 0 0 0 0])
  ("quantity" .
   [1 0 0 0 0 0 0 0])
  ("Cost" .
   [1 1 0 0])
  ("markup" .
   [0 1 0 0 0 0])
  ("series" .
   [4 0 0 0 0 0])
  ("vector" .
   [31 0 0 0 1 1])
  ("data" .
   [9 0 0 0])
  ("string" .
   [3 0 0 0 1 0])
  ("int" .
   [50 0 0])
  ("signal" .
   [19 0 1 0 0 1])
  ("for" .
   [20 0 0])
  ("lensig" .
   [2 0 0 1 0 0])
  ("pseudo" .
   [1 0 0 0 0 0])
  ("index" .
   [9 0 0 0 0])
  ("ind" .
   [3 0 0])
  ("mat" .
   [15 0 0])
  ("mrows" .
   [8 0 0 0 1])
  ("mcols" .
   [11 0 1 0 0])
  ("dimension" .
   [0 0 0 0 1 1 0 0 0])
  ("rows" .
   [3 0 1 0])
  ("sigvec" .
   [4 0 0 0 0 0])
  ("cols" .
   [4 0 0 0])
  ("getData" .
   [2 0 0 1 0 1 0])
  ("send_data" .
   [0 0 0 0 1 0 0 0 0])
  ("getvec" .
   [2 0 0 0 0 0])
  ("size" .
   [8 0 0 0])
  ("i" .
   [8])
  ("datval" .
   [1 0 0 0 0 0])
  ("setMatrix" .
   [0 0 1 1 0 0 0 0 0])
  ("datavec" .
   [4 0 0 0 1 0 0])
  ("dseries" .
   [0 0 0 0 1 0 0])
  ("template" .
   [2 0 0 0 0 0 1 0])
  ("inline" .
   [2 0 0 0 0 0])
  ("push_back" .
   [4 0 0 0 0 0 0 0 0])
  ("etest" .
   [5 0 0 0 0])
  ("eye" .
   [1 0 0])
  ("complex" .
   [8 0 0 1 0 0 0])
  ("tau" .
   [10 0 0])
  ("two" .
   [2 0 0])
  ("three" .
   [3 0 0 0 0])
  ("one" .
   [1 0 0])
  ("unsigned" .
   [2 0 0 0 0 0 0 0])
  ("sign" .
   [4 0 0 0])
  ("t0" .
   [1 0])
  ("t1" .
   [1 0])
  ("d" .
   [1])
  ("tdl" .
   [2 0 0])
  ("v" .
   [4])
  ("tct" .
   [2 0 0])
  ("elapsed" .
   [1 0 0 0 0 0 0])
  ("t3" .
   [1 0])
  ("t2" .
   [1 0])
  ("AQkj" .
   [4 0 0 0])
  ("wrlong" .
   [5 0 0 0 0 0])
  ("wilong" .
   [4 0 0 0 0 0])
  ("step" .
   [6 0 0 0])
  ("pow" .
   [1 0 0])
  ("do" .
   [1 0])
  ("cos" .
   [1 0 0])
  ("else" .
   [1 0 0 0])
  ("fft_sh" .
   [7 0 0 0 0 0])
  ("fftgs" .
   [4 0 0 0 0])
  ("alpha" .
   [2 0 0 0 0])
  ("indrev" .
   [1 0 0 0 0 0])))
